0
0.34574
0.71232
1.0802
1.4482
1.8162
2.1838
2.5513
2.9188
3.2863
3.6535
4.0207
4.3878
4.755
5.1218
5.4886
5.8553
6.2219
6.5883
6.9544
7.3203
7.6862
8.0522
8.4181
8.784
9.1498
9.5155
9.8809
10.246
10.611
10.977
11.342
11.708
12.073
12.438
12.804
13.168
13.533
13.897
14.261
14.624
14.988
15.352
15.716
16.08
16.444
16.808
17.172
17.536
17.899
18.263
18.626
18.99
19.354
19.718
20.082
20.445
20.808
21.17
21.532
21.895
22.258
22.621
22.984
23.347
23.709
24.072
24.434
24.797
25.159
25.522
25.885
26.248
26.611
26.973
27.335
27.697
28.058
28.42
28.781
29.143
29.504
29.866
30.227
30.588
30.95
31.312
31.673
32.034
32.395
32.755
33.116
33.476
33.837
34.199
34.56
34.922
35.285
35.647
36.01
36.373
36.734
37.094
37.454
37.814
38.173
38.533
38.892
39.251
39.611
39.97
40.329
40.688
41.047
41.406
41.765
42.125
42.485
42.844
43.202
43.559
43.917
44.275
44.634
44.992
45.35
45.708
46.068
46.428
46.789
47.148
47.506
47.863
48.219
48.575
48.932
49.288
49.643
49.999
50.357
50.715
51.073
51.432
51.79
52.148
52.505
52.861
53.218
53.576
53.935
54.295
54.653
55.007
55.36
55.713
56.067
56.421
56.775
57.13
57.485
57.839
58.193
58.547
58.901
59.255
59.611
59.966
60.322
60.678
61.032
61.386
61.738
62.091
62.445
62.799
63.153
63.507
63.859
64.21
64.561
64.912
65.263
65.615
65.966
66.318
66.668
67.018
67.365
67.708
68.049
68.386
68.72
69.052
69.38
69.703
70.02
70.333
70.641
70.946
71.246
71.543
71.834
72.121
72.402
72.68
72.954
73.224
73.491
73.756
74.016
74.272
74.524
74.772
75.015
75.253
75.488
75.719
75.946
76.17
76.391
76.608
76.821
77.032
77.239
77.443
77.644
77.841
78.035
78.226
78.414
78.599
78.78
78.958
79.133
79.305
79.474
79.639
77.481
75.323
73.165
71.007
68.848
66.69
64.532
62.374
60.216
58.057
55.899
53.741
51.583
49.425
47.266
45.108
42.95
40.792
38.634
36.475
34.317
32.159
30.001
27.843
25.684
23.526
21.368
19.21
17.052
14.893
12.735
10.577
8.4188
6.2606
4.1024
1.9442